===============================================================================
G-WAN ab.c ApacheBench wrapper, http://gwan.ch/source/ab.c.txt
-------------------------------------------------------------------------------
Machine: 1 x 2-Core CPU(s) Intel(R) Core(TM) i7-3517U CPU @ 1.90GHz
RAM: 0.16/3.75 (Free/Total, in GB)
Linux x86_64 v#1 SMP PREEMPT Sun Aug 26 09:14:51 CEST 2012 3.5.3-1-ARCH
Arch Linux \r (\l)

> Collecting CPU/RAM stats for server 'python3': 1 process(es)
pid[0]:17675 RAM: 13.89 MB
 
weighttp -n 1000000 -c [0-1000 step:10 rounds:1] -t 2 -k "http://127.0.0.1:8000/hello_mongo"

  Client           Requests per second               CPU
-----------  -------------------------------  ----------------  -------
Concurrency     min        ave        max      user     kernel   MB RAM
-----------  ---------  ---------  ---------  -------  -------  -------
         1,       778,       778,       778,     415,      33,   13.89
        10,      3533,      3533,      3533,    1105,      99,   13.89
        20,      4256,      4256,      4256,     270,      24,   14.14
        30,      4679,      4679,      4679,     229,      20,   14.14
        40,      4773,      4773,      4773,     209,      17,   14.40
        50,      4614,      4614,      4614,     204,      18,   14.40
        60,      4848,      4848,      4848,     217,      12,   14.66
        70,      4843,      4843,      4843,     207,      10,   14.66
        80,      4864,      4864,      4864,     205,      15,   14.92
        90,      4994,      4994,      4994,     199,      19,   14.92
       100,      4817,      4817,      4817,     198,      14,   15.18
       110,      5028,      5028,      5028,     205,      15,   15.43
       120,      5010,      5010,      5010,     198,      14,   15.43
       130,      5074,      5074,      5074,     194,      18,   15.69
       140,      5004,      5004,      5004,     196,      14,   15.69
       150,      5139,      5139,      5139,     196,      17,   15.95
       160,      4998,      4998,      4998,     194,      14,   15.95
       170,      5059,      5059,      5059,     195,      17,   16.21
       180,      5103,      5103,      5103,     194,      16,   16.46
       190,      5167,      5167,      5167,     191,      17,   16.55
       200,      5026,      5026,      5026,     187,      18,   16.55
       210,      5096,      5096,      5096,     196,      15,   16.81
       220,      5123,      5123,      5123,     194,      14,   16.81
       230,      5058,      5058,      5058,     192,      17,   17.07
       240,      5108,      5108,      5108,     200,      10,   17.33
       250,      5226,      5226,      5226,     194,      14,   17.33
       260,      5162,      5162,      5162,     189,      15,   17.59
       270,      5122,      5122,      5122,     192,      12,   17.59
       280,      5184,      5184,      5184,     195,      14,   17.84
       290,      5240,      5240,      5240,     191,      14,   18.10
       300,      5313,      5313,      5313,     188,      15,   18.10
       310,      5225,      5225,      5225,     188,      13,   18.36
       320,      5213,      5213,      5213,     187,      16,   18.36
       330,      5252,      5252,      5252,     189,      15,   18.62
       340,      5235,      5235,      5235,     190,      13,   18.62
       350,      5283,      5283,      5283,     189,      13,   18.88
       360,      5339,      5339,      5339,     188,      14,   18.88
       370,      5056,      5056,      5056,     191,      10,   18.88
       380,      5248,      5248,      5248,     197,      12,   19.39
       390,      5222,      5222,      5222,     184,      17,   19.39
       400,      5394,      5394,      5394,     190,      16,   19.65
       410,      5260,      5260,      5260,     185,      12,   19.65
       420,      5270,      5270,      5270,     189,      13,   19.87
       430,      5312,      5312,      5312,     185,      16,   20.12
       440,      5267,      5267,      5267,     188,      11,   20.12
       450,      5232,      5232,      5232,     188,      15,   20.12
       460,      5332,      5332,      5332,     189,      13,   20.38
       470,      5259,      5259,      5259,     185,      14,   20.64
       480,      5272,      5272,      5272,     189,      11,   20.64
       490,      5291,      5291,      5291,     185,      16,   20.90
       500,      5169,      5169,      5169,     189,      12,   20.90
       510,      5242,      5242,      5242,     191,      14,   21.16
       520,      5284,      5284,      5284,     189,      14,   21.39
       530,      5246,      5246,      5246,     187,      12,   21.39
       540,      5296,      5296,      5296,     190,      14,   21.65
       550,      5213,      5213,      5213,     183,      16,   21.65
       560,      5285,      5285,      5285,     191,      11,   21.65
       570,      5277,      5277,      5277,     189,      12,   21.91
       580,      5333,      5333,      5333,     186,      15,   22.16
       590,      5242,      5242,      5242,     185,      12,   22.42
       600,      5256,      5256,      5256,     191,      11,   22.42
       610,      5249,      5249,      5249,     188,      13,   22.68
       620,      5293,      5293,      5293,     193,      11,   22.68
       630,      5391,      5391,      5391,     187,      13,   22.68
       640,      5227,      5227,      5227,     186,       9,   23.20
       650,      5201,      5201,      5201,     189,      14,   23.20
       660,      5128,      5128,      5128,     189,      14,   23.20
       670,      5198,      5198,      5198,     188,      17,   23.45
       680,      5249,      5249,      5249,     190,      13,   23.71
       690,      5147,      5147,      5147,     188,      13,   23.71
       700,      5256,      5256,      5256,     189,      15,   23.71
       710,      5229,      5229,      5229,     188,      13,   23.97
       720,      5167,      5167,      5167,     191,      12,   23.97
       730,      5132,      5132,      5132,     189,      15,   24.23
       740,      5176,      5176,      5176,     189,      16,   24.48
       750,      5220,      5220,      5220,     190,      12,   24.48
       760,      5220,      5220,      5220,     190,      14,   24.74
       770,      5262,      5262,      5262,     190,      14,   25.00
       780,      5224,      5224,      5224,     185,      14,   25.00
       790,      5223,      5223,      5223,     192,      11,   25.00
       800,      5237,      5237,      5237,     188,      14,   25.26
       810,      5226,      5226,      5226,     187,      14,   25.52
       820,      5222,      5222,      5222,     186,      15,   25.52
       830,      5255,      5255,      5255,     190,      12,   25.52
       840,      5153,      5153,      5153,     185,      14,   25.77
       850,      5207,      5207,      5207,     195,      11,   25.77
       860,      5203,      5203,      5203,     193,      10,   26.03
       870,      5196,      5196,      5196,     187,      15,   26.03
       880,      5247,      5247,      5247,     193,      12,   26.30
       890,      3904,      3904,      3904,     192,       8,   26.49
       900,      5194,      5194,      5194,     195,      10,   26.74
       910,      5269,      5269,      5269,     191,      12,   26.74
       920,      5176,      5176,      5176,     187,      13,   26.74
       930,      5148,      5148,      5148,     188,      15,   27.00
       940,      5198,      5198,      5198,     191,      13,   27.51
       950,      5220,      5220,      5220,     192,      10,   27.51
       960,      5172,      5172,      5172,     187,      14,   27.51
       970,      5264,      5264,      5264,     192,      14,   27.77
       980,      3281,      3281,      3281,     191,      11,   27.77
       990,      5140,      5140,      5140,     186,      14,   28.29
      1000,      5104,      5104,      5104,     187,      17,   28.54
-------------------------------------------------------------------------------
min:512252   avg:512252   max:512252 Time:211 second(s) [00:03:31]
-------------------------------------------------------------------------------
CPU jiffies:   user:20221   kernel:1479   total:21700 