===============================================================================
G-WAN ab.c ApacheBench wrapper, http://gwan.ch/source/ab.c.txt
-------------------------------------------------------------------------------
Machine: 1 x 2-Core CPU(s) Intel(R) Core(TM) i7-3517U CPU @ 1.90GHz
RAM: 1.74/3.75 (Free/Total, in GB)
Linux x86_64 v#1 SMP PREEMPT Sun Aug 26 09:14:51 CEST 2012 3.5.3-1-ARCH
Arch Linux \r (\l)

> Collecting CPU/RAM stats for server 'python3': 1 process(es)
pid[0]:14690 RAM: 14.73 MB
 
weighttp -n 1000000 -c [0-1000 step:10 rounds:1] -t 2 -k "http://127.0.0.1:8000/hello_mysql"

  Client           Requests per second               CPU
-----------  -------------------------------  ----------------  -------
Concurrency     min        ave        max      user     kernel   MB RAM
-----------  ---------  ---------  ---------  -------  -------  -------
         1,      1715,      1715,      1715,   16427,    2082,   14.73
        10,      4858,      4858,      4858,     522,      44,   14.73
        20,      5811,      5811,      5811,     203,      18,   14.73
        30,      6098,      6098,      6098,     169,      15,   14.73
        40,      6173,      6173,      6173,     161,      17,   14.73
        50,      6189,      6189,      6189,     158,      15,   14.73
        60,      6159,      6159,      6159,     159,      14,   14.73
        70,      6484,      6484,      6484,     160,      14,   14.99
        80,      6473,      6473,      6473,     154,      13,   14.99
        90,      6143,      6143,      6143,     150,      15,   15.25
       100,      6234,      6234,      6234,     161,      13,   15.25
       110,      6501,      6501,      6501,     153,      14,   15.50
       120,      6552,      6552,      6552,     152,      12,   15.50
       130,      6703,      6703,      6703,     151,      13,   15.76
       140,      6437,      6437,      6437,     147,      13,   15.76
       150,      6658,      6658,      6658,     156,      10,   16.02
       160,      6521,      6521,      6521,     145,      17,   16.28
       170,      6674,      6674,      6674,     151,      13,   16.39
       180,      6676,      6676,      6676,     147,      14,   16.39
       190,      6566,      6566,      6566,     148,      13,   16.64
       200,      6708,      6708,      6708,     149,      15,   16.81
       210,      6546,      6546,      6546,     143,      16,   16.82
       220,      6502,      6502,      6502,     147,      15,   17.07
       230,      6699,      6699,      6699,     149,      14,   17.07
       240,      6728,      6728,      6728,     150,      11,   17.33
       250,      6800,      6800,      6800,     146,      14,   17.33
       260,      6725,      6725,      6725,     144,      14,   17.59
       270,      6640,      6640,      6640,     147,      12,   17.59
       280,      6747,      6747,      6747,     146,      16,   17.84
       290,      6597,      6597,      6597,     146,      10,   18.10
       300,      6808,      6808,      6808,     146,      19,   18.10
       310,      6658,      6658,      6658,     142,      11,   18.36
       320,      6646,      6646,      6646,     147,      14,   18.36
       330,      6628,      6628,      6628,     144,      16,   18.62
       340,      5935,      5935,      5935,     133,      11,   18.62
       350,      6677,      6677,      6677,     163,      18,   18.62
       360,      6575,      6575,      6575,     145,      14,   18.62
       370,      6835,      6835,      6835,     149,      13,   19.13
       380,      6806,      6806,      6806,     146,      11,   19.39
       390,      6712,      6712,      6712,     145,      12,   19.39
       400,      6558,      6558,      6558,     148,      11,   19.39
       410,      6742,      6742,      6742,     151,      12,   19.65
       420,      6820,      6820,      6820,     149,      10,   19.91
       430,      6738,      6738,      6738,     146,      11,   19.91
       440,      6774,      6774,      6774,     148,      11,   19.91
       450,      6651,      6651,      6651,     146,      12,   19.91
       460,      6816,      6816,      6816,     147,      15,   20.42
       470,      6700,      6700,      6700,     143,      13,   20.42
       480,      6310,      6310,      6310,     145,      14,   20.42
       490,      6622,      6622,      6622,     156,      13,   20.68
       500,      6557,      6557,      6557,     147,      13,   20.94
       510,      6777,      6777,      6777,     149,      15,   20.94
       520,      7022,      7022,      7022,     145,      12,   21.20
       530,      6698,      6698,      6698,     140,      13,   21.20
       540,      5148,      5148,      5148,     143,      16,   21.45
       550,      6831,      6831,      6831,     150,       9,   21.45
       560,      3292,      3292,      3292,     144,      11,   21.45
       570,      6669,      6669,      6669,     148,      11,   21.97
       580,      4254,      4254,      4254,     149,      11,   22.23
       590,      6721,      6721,      6721,     146,      12,   22.23
       600,      4925,      4925,      4925,     144,      14,   22.23
       610,      6567,      6567,      6567,     144,      15,   22.23
       620,      6482,      6482,      6482,     150,      14,   22.74
       630,      6557,      6557,      6557,     140,      13,   22.74
       640,      6550,      6550,      6550,     152,      12,   22.74
       650,      6609,      6609,      6609,     147,      13,   23.00
       660,      6761,      6761,      6761,     146,      17,   23.00
       670,      6813,      6813,      6813,     152,       5,   23.00
       680,      6774,      6774,      6774,     146,      12,   23.00
       690,      6784,      6784,      6784,     145,      13,   23.52
       700,      3286,      3286,      3286,     144,      14,   23.52
       710,      4479,      4479,      4479,     148,      11,   23.52
       720,      4705,      4705,      4705,     144,      14,   23.77
       730,      3925,      3925,      3925,     141,      13,   24.03
       740,      4561,      4561,      4561,     156,      15,   24.03
       750,      4425,      4425,      4425,     139,      15,   24.03
       760,      4580,      4580,      4580,     147,      12,   24.55
       770,      6210,      6210,      6210,     148,      12,   24.80
       780,      3294,      3294,      3294,     153,       9,   24.80
       790,      6734,      6734,      6734,     145,      15,   25.06
       800,      6748,      6748,      6748,     149,      10,   25.06
       810,      4372,      4372,      4372,     142,      15,   25.32
       820,      6688,      6688,      6688,     149,      12,   25.32
       830,      4517,      4517,      4517,     144,      13,   25.58
       840,      4418,      4418,      4418,     145,      13,   26.09
       850,      4901,      4901,      4901,     151,      13,   26.09
       860,      6652,      6652,      6652,     145,      13,   26.09
       870,      6006,      6006,      6006,     146,      13,   26.35
       880,      6486,      6486,      6486,     145,      13,   26.35
       890,      4894,      4894,      4894,     148,      14,   26.35
       900,      6377,      6377,      6377,     147,      15,   26.86
       910,      3282,      3282,      3282,     144,      14,   26.86
       920,      6021,      6021,      6021,     145,      14,   27.12
       930,      6610,      6610,      6610,     147,      12,   27.12
       940,      6466,      6466,      6466,     141,      18,   27.12
       950,      6566,      6566,      6566,     152,      10,   27.38
       960,      3275,      3275,      3275,     145,      16,   27.64
       970,      3056,      3056,      3056,     149,      13,   27.64
       980,      5785,      5785,      5785,     150,      14,   27.68
       990,      4123,      4123,      4123,     151,      11,   26.77
      1000,       155,       155,       155,     144,      15,   26.77
-------------------------------------------------------------------------------
min:599716   avg:599716   max:599716 Time:243 second(s) [00:04:03]
-------------------------------------------------------------------------------
CPU jiffies:   user:15303   kernel:1364   total:16667 