===============================================================================
G-WAN ab.c ApacheBench wrapper, http://gwan.ch/source/ab.c.txt
-------------------------------------------------------------------------------
Machine: 1 x 2-Core CPU(s) Intel(R) Core(TM) i7-3517U CPU @ 1.90GHz
RAM: 2.35/3.75 (Free/Total, in GB)
Linux x86_64 v#1 SMP PREEMPT Sun Aug 26 09:14:51 CEST 2012 3.5.3-1-ARCH
Arch Linux \r (\l)

> Collecting CPU/RAM stats for server 'python3': 1 process(es)
pid[0]:11692 RAM: 13.98 MB
 
weighttp -n 1000000 -c [0-1000 step:10 rounds:1] -t 2 -k "http://127.0.0.1:8000/hello_redis_light"

  Client           Requests per second               CPU
-----------  -------------------------------  ----------------  -------
Concurrency     min        ave        max      user     kernel   MB RAM
-----------  ---------  ---------  ---------  -------  -------  -------
         1,       903,       903,       903,   22591,    2084,   13.98
        10,      5430,      5430,      5430,     932,      98,   13.98
        20,      6183,      6183,      6183,     185,      12,   13.98
        30,      6428,      6428,      6428,     162,      10,   13.98
        40,      6563,      6563,      6563,     153,      14,   13.98
        50,      6886,      6886,      6886,     148,      13,   13.98
        60,      6752,      6752,      6752,     143,      10,   13.98
        70,      6951,      6951,      6951,     147,      10,   13.98
        80,      6766,      6766,      6766,     140,      12,   13.98
        90,      7005,      7005,      7005,     146,      10,   13.98
       100,      7013,      7013,      7013,     141,      11,   14.23
       110,      7028,      7028,      7028,     141,      13,   14.23
       120,      7044,      7044,      7044,     141,      10,   14.23
       130,      7099,      7099,      7099,     139,      12,   14.49
       140,      7100,      7100,      7100,     139,      11,   14.75
       150,      6959,      6959,      6959,     136,      14,   14.75
       160,      7008,      7008,      7008,     140,      11,   15.01
       170,      4631,      4631,      4631,     141,      13,   15.01
       180,      5976,      5976,      5976,     142,       8,   15.27
       190,      7192,      7192,      7192,     137,      10,   15.27
       200,      6693,      6693,      6693,     141,       9,   15.52
       210,      5743,      5743,      5743,     139,      11,   15.52
       220,      4902,      4902,      4902,     142,      13,   15.78
       230,      6905,      6905,      6905,     137,      12,   15.78
       240,      5214,      5214,      5214,     141,      13,   16.04
       250,      4752,      4752,      4752,     137,      15,   16.04
       260,      6988,      6988,      6988,     139,      10,   16.30
       270,      6782,      6782,      6782,     143,      10,   16.55
       280,      6864,      6864,      6864,     139,      12,   16.55
       290,      7089,      7089,      7089,     141,      14,   16.81
       300,      4559,      4559,      4559,     137,      11,   16.81
       310,      4340,      4340,      4340,     139,      14,   17.07
       320,      6919,      6919,      6919,     142,       9,   17.07
       330,      4898,      4898,      4898,     142,      11,   17.33
       340,      6108,      6108,      6108,     136,      10,   17.33
       350,      6105,      6105,      6105,     144,       5,   17.59
       360,      5407,      5407,      5407,     134,      12,   17.59
       370,      7142,      7142,      7142,     137,       9,   17.84
       380,      7059,      7059,      7059,     140,       8,   17.84
       390,      4510,      4510,      4510,     137,      12,   18.10
       400,      4414,      4414,      4414,     136,      11,   18.36
       410,      7146,      7146,      7146,     137,      11,   18.36
       420,      7057,      7057,      7057,     139,      10,   18.62
       430,      6930,      6930,      6930,     138,      10,   18.62
       440,      4501,      4501,      4501,     139,       8,   18.88
       450,      4637,      4637,      4637,     136,       9,   18.88
       460,      4637,      4637,      4637,     136,      11,   19.13
       470,      4391,      4391,      4391,     140,       9,   19.13
       480,      5315,      5315,      5315,     135,       8,   19.39
       490,      7278,      7278,      7278,     137,       9,   19.39
       500,      6411,      6411,      6411,     132,      13,   19.39
       510,      7053,      7053,      7053,     136,      13,   19.39
       520,      4708,      4708,      4708,     137,      11,   19.39
       530,      5107,      5107,      5107,     133,      12,   20.16
       540,      4981,      4981,      4981,     135,      10,   20.16
       550,      6007,      6007,      6007,     139,      12,   20.42
       560,      7103,      7103,      7103,     134,      10,   20.42
       570,      6307,      6307,      6307,     138,      11,   20.42
       580,      5579,      5579,      5579,     137,      10,   20.94
       590,      4402,      4402,      4402,     134,      12,   20.94
       600,      5767,      5767,      5767,     139,       8,   20.94
       610,      5368,      5368,      5368,     141,       6,   21.20
       620,      5438,      5438,      5438,     134,       9,   21.45
       630,      6991,      6991,      6991,     139,       9,   21.45
       640,      6638,      6638,      6638,     139,      11,   21.45
       650,      4898,      4898,      4898,     135,      10,   21.45
       660,      5926,      5926,      5926,     133,      13,   21.45
       670,      7028,      7028,      7028,     138,       8,   21.45
       680,      4430,      4430,      4430,     138,      11,   22.23
       690,      5141,      5141,      5141,     140,       9,   22.23
       700,      3182,      3182,      3182,     144,       7,   22.23
       710,      4577,      4577,      4577,     137,       8,   22.74
       720,      4679,      4679,      4679,     140,       8,   22.76
       730,      5588,      5588,      5588,     134,      12,   22.76
       740,      7069,      7069,      7069,     133,      11,   22.76
       750,      4277,      4277,      4277,     136,      11,   23.53
       760,      5364,      5364,      5364,     138,      10,   23.53
       770,      4404,      4404,      4404,     136,      11,   23.53
       780,      5735,      5735,      5735,     134,      12,   23.53
       790,      5161,      5161,      5161,     137,       9,   23.53
       800,      4497,      4497,      4497,     139,      12,   23.79
       810,      5943,      5943,      5943,     139,       8,   23.79
       820,      5395,      5395,      5395,     136,       9,   24.04
       830,      4440,      4440,      4440,     135,      12,   24.30
       840,      6561,      6561,      6561,     138,       9,   24.30
       850,      5798,      5798,      5798,     133,      11,   24.56
       860,      4692,      4692,      4692,     138,      12,   24.56
       870,      5154,      5154,      5154,     139,       7,   24.95
       880,      3293,      3293,      3293,     136,      11,   24.95
       890,      3833,      3833,      3833,     140,       9,   25.20
       900,      6552,      6552,      6552,     136,      11,   25.46
       910,      5824,      5824,      5824,     136,      10,   25.46
       920,      4934,      4934,      4934,     141,       7,   25.46
       930,      5621,      5621,      5621,     137,      11,   25.46
       940,      5256,      5256,      5256,     140,      10,   25.97
       950,      3048,      3048,      3048,     139,       7,   26.23
       960,      6989,      6989,      6989,     138,      11,   26.23
       970,      4655,      4655,      4655,     138,       8,   26.23
       980,      4510,      4510,      4510,     139,       8,   26.49
       990,      5151,      5151,      5151,     140,      10,   26.49
      1000,       171,       171,       171,      64,       5,   26.75
-------------------------------------------------------------------------------
min:569838   avg:569838   max:569838 Time:251 second(s) [00:04:11]
-------------------------------------------------------------------------------
CPU jiffies:   user:14701   kernel:1139   total:15840 